# name: debug
# type: sparse matrix
# nnz: 36
# rows: 6
# columns: 6

1 1 -9624247.68
2 1 -30178993.9
3 1 111136.021
4 1 -3285.37805
5 1 -5017.9004
6 1 -1574476.08
1 2 -30178993.9
2 2 -93431062.8
3 2 877008.715
4 2 -3878.61156
5 2 -38264.9965
6 2 -4884267.48
1 3 111136.021
2 3 877008.715
3 3 652335.836
4 3 -693.113439
5 3 -30698.6256
6 3 41616.0743
1 4 -3285.37805
2 4 -3878.61156
3 4 -693.113439
4 4 148.498422
5 4 55.3736372
6 4 -309.120553
1 5 -5017.9004
2 5 -38264.9965
3 5 -30698.6256
4 5 55.3736372
5 5 1473.82285
6 5 -1840.07023
1 6 -1574476.08
2 6 -4884267.48
3 6 41616.0743
4 6 -309.120553
5 6 -1840.07023
6 6 -255171.448
